0.9995 2
0.9935 2
0.9805 2
0.0 240
0.9735 2
1.001 3
0.959 6
0.9465 1
0.968 2
1.07 1
0.8605 1
0.9345 2
1.0475 1
0.951 1
1.0035 5
0.9785 2
0.966 2
1.005 3
1.0025 5
0.9945 2
0.9755 2
1.0555 1
1.008 4
1.195 1
0.9475 1
0.977 1
0.8715 1
1.0 9
0.9745 1
0.9205 1
0.9885 2
1.013 3
0.9955 2
0.97 1
0.889 1
1.0005 3
0.957 2
0.9525 1
0.952 1
1.0015 2
0.983 1
0.849 1
1.0235 2
1.0545 1
1.729 1
0.967 1
1.17 1
0.815 1
1.0645 1
1.074 1
0.9425 1
0.994 3
0.903 1
0.9595 1
0.841 1
1.022 1
1.122 2
0.292 1
1.0255 1
1.1055 1
1.067 1
0.997 3
0.942 1
1.178 1
0.85 1
1.168 1
0.7975 1
1.091 1
1.1365 1
0.995 3
0.6475 1
0.6895 1
0.9195 1
1.0085 1
0.062 1
1.069 1
1.4185 1
1.034 2
0.938 1
1.0185 1
1.655 1
0.975 3
1.036 1
1.006 2
0.9835 2
0.5735 1
0.996 2
0.935 2
1.06 2
2.016 1
0.9905 2
1.6525 1
1.055 1
1.087 1
0.992 2
1.3305 1
1.4785 1
0.776 1
0.9875 1
0.9635 3
0.8555 1
1.03 1
0.9535 3
2.9275 1
1.401 1
1.1285 1
1.2425 1
0.9355 1
1.089 1
1.206 1
0.9445 1
0.534 1
1.0265 1
0.9675 1
1.077 1
1.0485 2
1.0465 1
0.9575 2
0.981 1
0.9645 2
0.862 1
1.002 1
0.907 1
1.1515 1
8.346 1
0.8925 1
1.513 1
0.617 1
1.285 1
0.939 1
0.829 1
2.0665 1
0.89 1
1.1025 1
0.96 1
1.1325 1
1.009 1
0.974 1
1.027 1
1.0405 1
0.953 1
1.057 1
0.9725 1
1.05 1
0.858 1
0.856 1
1.404 1
0.928 1
0.9855 1
1.4515 1
0.9775 1
0.9655 1
0.5785 1
1.0315 1
1.0695 1
1.2625 1
0.2855 1
4.286 1
1.2325 1
1.0395 1
1.018 1
0.987 1
0.2305 1
1.6785 1
0.047 1
0.9915 1
0.8255 1
1.025 1
1.2175 1
0.8065 1
1.026 1
1.0165 2
1.3155 1
1.0205 1
0.982 1
1.0135 1
1.038 3
0.98 1
1.1735 1
0.7045 1
1.058 1
1.0115 2
0.989 1
1.346 1
0.8585 1
0.861 1
0.9415 1
0.503 1
0.9685 1
0.904 1
1.2985 1
1.0095 1
0.835 1
1.323 1
1.126 1
1.003 2
0.941 1
0.9925 1
1.0685 1
