0.9975 48
0.996 49
0.997 45
0.994 3
0.9945 27
0.993 2
0.9965 60
0.9955 33
1.0025 4
0.995 28
0.998 44
0.9985 35
0.999 27
1.008 3
1.0 10
0.991 1
1.001 1
1.019 1
0.984 2
0.989 1
0.9705 2
0.9765 1
1.0055 3
1.004 3
0.9905 4
1.0095 3
1.003 3
0.9935 3
1.027 1
1.0005 7
1.03 2
1.007 1
1.011 2
0.9875 1
1.0345 1
1.0065 2
1.05 1
1.0085 1
1.002 9
1.009 2
1.1675 1
1.0035 5
1.0115 1
1.0045 2
1.0125 4
0.959 1
1.033 2
1.0165 1
1.0255 1
1.0015 5
1.0105 1
1.0075 1
1.014 1
0.9915 1
1.0545 1
0.99 1
1.016 1
1.0515 1
0.976 1
1.005 1
1.006 1
0.9995 1
1.214 1
0.9925 1
1.131 1
