0.996 411
0.9975 1
0.9905 1
1.0045 1
1.012 2
1.0265 2
1.003 1
1.023 2
1.016 2
1.043 1
1.0065 2
0.99 1
1.0215 1
1.0055 2
1.0075 2
1.005 2
1.0275 1
1.0455 1
1.0035 2
1.201 1
0.9825 1
0.98 1
1.0225 1
1.022 1
1.014 3
1.0235 2
1.0185 3
1.028 2
1.029 2
1.011 1
1.013 1
1.02 1
1.0115 1
1.0325 1
1.032 1
1.045 1
1.055 1
1.053 1
0.92 1
1.033 1
0.9895 1
1.064 1
1.0355 2
1.0255 1
1.1095 4
1.025 1
1.051 2
1.071 1
0.898 1
1.2095 1
1.0655 1
1.0085 1
1.0445 1
1.0435 1
1.0595 1
1.443 1
1.026 1
0.9715 1
1.229 1
1.0695 1
1.021 1
1.0825 2
1.042 2
2.7785 1
0.9785 1
1.0315 2
1.0375 1
0.9735 1
1.0725 1
1.034 1
1.0485 1
1.1005 1
1.149 2
1.1065 1
1.577 1
1.992 1
0.83 1
7.969 1
2.988 1
